00000000000000000000000000000000000000000000000000000000000000000000000000000000
00000000000000000000000000000000000000000000000000000000000000000000000000000000
00000000000000000000000000000000110000000110000000000000000000000000000000000000
00000000000000000000000000000000011000001100000000000000000000000000000000000000
00000000000000000000000000000000100100010010000000000000000000000000000000000000
00000000000000000000000000000000100010100010000000000000000000000000000000000000
00000000000000000000000000000000000001000000000000000000000000000000000000000000
00000000000000000000000000000000000010100000000000000000000000000000000000000000
00000000000000000000000000000000000010100000000000000000000000000000000000000000
00000000000000000000000000000000000010100000000000000000000000000000000000000000
00000000000000000000000000000000000100010000000000000000000000000000000000000000
00000000000000000000000000000000001111111000000000000000000000000000000000000000
00000000000000000000000000000000001010101000000000000000000000000000000000000000
00000000000000000000000000000000000001000000000000000000000000000000000000000000
00000000000000000000000000000000000010100000000000000000000000000000000000000000
00000000000000000000000000000000000101010000000000000000000000000000000000000000
00000000000000000000000000000000000000000000000000000000000000000000000000000000
00000000000000000000000000000000000000000000000000000000000000000000000000000000
00000000000000000000000000000000000000000000000000000000000000000000000000000000
00000000000000000000000000000000000000000000000000000000000000000000000000000000
00000000000000000000000000000000000000000000000000000000000000000000000000000000
00000000000000000000000000000000000000000000000000000000000000000000000000000000
00000000000000000000000000000000000000000000000000000000000000000000000000000000
00000000000000000000000000000000000000000000000000000000000000000000000000000000
00000000000000000000000000000000000000000000000000000000000000000000000000000000
