00000000000000000000000000000000000000000000000000000000000000000000000000000000
00000000000000000000000000000000010000000100000000000000000000000000000000000000
00000000000000000000000000000001111100011111000000000000000000000000000000000000
00000000000000000000000000000011101110111011100000000000000000000000000000000000
00000000000000000000000000000111000011100001110000000000000000000000000000000000
00000000000000000000000000000110000001000000110000000000000000000000000000000000
00000000000000000000000000000110000000000000110000000000000000000000000000000000
00000000000000000000000000000011000000000001100000000000000000000000000000000000
00000000000000000000000000000001100000000011000000000000000000000000000000000000
00000000000000000000000000000000110000000110000000000000000000000000000000000000
00000000000000000000000000000000011000001100000000000000000000000000000000000000
00000000000000000000000000000000001100011000000000000000000000000000000000000000
00000000000000000000000000000000000110110000000000000000000000000000000000000000
00000000000000000000000000000000000010100000000000000000000000000000000000000000
00000000000000000000000000000000000001000000000000000000000000000000000000000000
00000000000000000000000000000000000000000000000000000000000000000000000000000000
00000000000000000000000000000000000000000000000000000000000000000000000000000000
00000000000000000000000000000000000000000000000000000000000000000000000000000000
00000000000000000000000000000000000000000000000000000000000000000000000000000000
00000000000000000000000000000000000000000000000000000000000000000000000000000000
00000000000000000000000000000000000000000000000000000000000000000000000000000000
00000000000000000000000000000000000000000000000000000000000000000000000000000000
00000000000000000000000000000000000000000000000000000000000000000000000000000000
00000000000000000000000000000000000000000000000000000000000000000000000000000000
00000000000000000000000000000000000000000000000000000000000000000000000000000000
